36842.82
36823.70





34813.91










20715.98






11437.90
26785.41



13887.92













17159.72
19394.86





















16853.45






















41928.19







32508.41
















25072.23











15930.15



39456.48













38168.75
19367.39




11252.10







15897.30









49820.83
















20415.64



10317.66










46870.37





8946.00












2615.61






45002.55










29917.05












28329.14





















18589.37















29788.81
















27973.39


6362.37

















20247.65



11967.88











































12222.55

































33099.18










31100.81





25162.76






























37545.49




27161.49

25863.42



50141.18
7213.87










33005.29
















































32974.70







11853.77































10063.00



















26708.16













25996.96








9621.01

13937.43



38612.30

























22418.45


















30224.48

23156.16






















31430.84




7918.18








21931.14











14492.97





















5278.11










6602.58

























































13520.81





45876.85
17779.58




19085.07






















26924.16







29448.54


15662.09




























12360.84






















31182.68





22242.79





7516.78




























27429.46




























24260.33

15147.48
33328.99




























32292.99

















21802.18























9541.84
































35512.43


20952.97



29412.06




24755.42





6198.80

















22990.38

32150.21



22282.61


10604.54

12876.18







13509.89





23382.15










30692.39





32969.12

18016.08









30361.96

23543.76
















42376.00


9129.34































34056.90












41077.16

37490.98







35138.86








37186.90





















33873.28


























































28269.53


7487.65
















11070.49














38645.13





















21313.40




17118.30










17081.45











14016.07































20025.55





14349.55
45440.79












6385.12

27816.84


13619.41













30920.56

10662.98









47692.47






































22179.23



























55783.18
18946.41





















29754.00













16801.90








32781.80




21859.92
































10956.82

13723.55








31938.90























13484.61









22192.80














21824.60











44825.49


40444.67





















15294.94




28093.71









19066.44
20595.10



20461.25





























































15292.15

















25159.51


16906.34
8163.35
























33219.56











21876.82








17516.09
1901.00

30916.67
















31324.29






















































27881.38








24403.68


















36773.75


































36762.94








25613.44
















33915.13















21496.77














22944.32



























21017.93









17109.33









23607.32




20201.92















18406.80















































35926.80






























31977.71

8979.81













40409.25









32622.79








20403.78












13022.85















14164.03





















16738.54

3246.16
























21102.13






































45110.66


































23540.32


39034.29

























10096.51
14288.46
31516.92

9738.25



50796.06


























17711.22





29670.74






24195.47



18788.78


44481.95




48419.27











29843.61
50528.30





21207.23







41658.08



18139.64






21276.35














26878.75




21261.42











14449.03














6067.94







4605.50
7757.72


















33349.99



8742.77



























17736.01











































28055.03


























24804.01





26362.26














36597.36




12449.16












13464.03




































10253.41







































23577.94






28869.31


38465.38











36499.89








31140.13






























40401.67










19207.74



20341.46






8681.63
18606.19












17791.41











46220.14









11468.87







16061.99




































27933.52






7255.02












































14600.29





















35026.71

16682.41
20638.55






24612.12



21470.15












































19287.93




33725.19


20005.60
25227.24

















































10330.79



30981.05












27713.53


23504.96

15306.82


























18125.21

26186.51
42091.68














36399.10







14185.83











10829.90




















10469.25













13764.65



27232.82












18225.82









24131.73




11313.94





18017.84


17799.73




31189.41









9015.99

25988.05








11001.30



35527.31






46064.92










8673.22
















36637.60


















26997.85



20075.47

34752.68

40621.12



































31389.10



21710.87


















































23220.50

















21830.89

















18661.26




























10159.30




33954.68
15239.48



















13163.83

24343.97




16178.73

25282.95

















32306.39



5476.76











26535.63


16981.10


8797.19







23890.00

























































17199.42












34025.82





32603.50

















16208.78




18585.60























9073.60












18493.04

31966.86





42335.98




































22408.18






24921.02













48828.94



















29845.69






22487.64






26711.34





40735.68







14307.03
35094.46

23152.81
27917.10




43129.22


8418.40









28819.63



29345.16










39141.65











26378.90

9066.80

















28898.71

34127.95






24905.33



39548.93





29255.07





36880.29

















22572.48
















16676.88






































25476.28













23857.35

38319.29













39516.32



































8303.65
































35403.07





26095.48




19969.24



20205.98





30887.38



11022.96
18733.81





36559.25






21892.04







27972.08
33787.05


38381.20






20155.85









































31379.00







12079.11






























37545.21







16964.79




































41170.27


























15225.85










22954.79


26361.69

20403.93
24885.07





































41666.80









22133.01















39940.74

33367.36






1468.70




























10710.20









35162.67






32205.09









8777.77

24950.55






























18592.83

25022.87
26928.29




41321.35
29123.70



















24712.51






















21018.41












18086.95



















39980.77
29723.69














7104.19

1124.74




24104.28














































9416.10


22065.65


24749.60






19159.72














28784.92





27084.16

11203.45


35260.96




31069.32








11013.34














17299.56



24909.04



































































33595.48








16274.21






31794.14





















30978.54



36323.98

14719.91
8118.72














18309.08

41971.34













7639.62





34708.42





25699.75


















18208.66
10702.89







24897.22








5303.15





4478.24












18436.58



25318.52

26992.13



25186.61














7847.53



















18361.36





43396.27




















15972.94


22837.09













48511.03











7439.40










20853.79










36697.35
















































33938.93



18280.77
15995.91

























































32337.90



















8946.99














23398.02

























































29275.93


37305.03





18046.64






































26459.65













21631.49


8842.43







27289.52













































23642.23
6156.96













































29828.86

36972.48



































20479.21










11715.53








31303.35





























9497.68










22899.75






3023.95












32063.90




27488.60











10736.79









24549.70








35196.12













41306.88

























23353.31







8972.05

27935.52






















12820.20



30278.77






32232.05



















48326.38
22993.99


23881.14

























16512.39




8725.80





33797.35




44784.86







































10921.26




17182.64








27427.37














33014.44











6253.66























16270.84












19711.86






6161.00


































17792.67


13146.18





35995.40



36396.04









43493.25





44050.47











25475.49















28703.51
19267.87
41212.32





30290.94





24567.10


























43323.30











18618.02


















19236.62



17956.05
21204.58


38041.33





























38182.86

26471.68

16566.64



23916.29














27131.22












15562.39










36842.82
36823.70





34813.91










20715.98






11437.90
26785.41



13887.92













17159.72
19394.86





















16853.45






















41928.19







32508.41
















25072.23











15930.15



39456.48













38168.75
19367.39




11252.10







15897.30









49820.83
















20415.64



10317.66










46870.37





8946.00












2615.61






45002.55










29917.05












28329.14





















18589.37















29788.81
















27973.39


6362.37

















20247.65



11967.88











































12222.55

































33099.18










31100.81





25162.76






























37545.49




27161.49

25863.42



50141.18
7213.87










33005.29
















































32974.70







11853.77































10063.00



















26708.16













25996.96








9621.01

13937.43



38612.30

























22418.45


















30224.48

23156.16






















31430.84




7918.18








21931.14











14492.97





















5278.11










6602.58

























































13520.81





45876.85
17779.58




19085.07






















26924.16







29448.54


15662.09




























12360.84






















31182.68





22242.79





7516.78




























27429.46




























24260.33

15147.48
33328.99




























32292.99

















21802.18























9541.84
































35512.43


20952.97



29412.06




24755.42





6198.80

















22990.38

32150.21



22282.61


10604.54

12876.18







13509.89





23382.15










30692.39





32969.12

18016.08









30361.96

23543.76
















42376.00


9129.34































34056.90












41077.16

37490.98







35138.86








37186.90





















33873.28


























































28269.53


7487.65
















11070.49














38645.13





















21313.40




17118.30










17081.45











14016.07































20025.55





14349.55
45440.79












6385.12

27816.84


13619.41













30920.56

10662.98









47692.47






































22179.23



























55783.18
18946.41





















29754.00













16801.90








32781.80




21859.92
































10956.82

13723.55








31938.90























13484.61









22192.80














21824.60











44825.49


40444.67





















15294.94




28093.71









19066.44
20595.10



20461.25





























































15292.15

















25159.51


16906.34
8163.35
























33219.56











21876.82








17516.09
1901.00

30916.67
















31324.29






















































27881.38








24403.68


















36773.75


































36762.94








25613.44
















33915.13















21496.77














22944.32



























21017.93









17109.33









23607.32




20201.92















18406.80















































35926.80






























31977.71

8979.81













40409.25









32622.79








20403.78












13022.85















14164.03





















16738.54

3246.16
























21102.13






































45110.66


































23540.32


39034.29

























10096.51
14288.46
31516.92

9738.25



50796.06


























17711.22





29670.74






24195.47



18788.78


44481.95




48419.27











29843.61
50528.30





21207.23







41658.08



18139.64






21276.35














26878.75




21261.42











14449.03














6067.94







4605.50
7757.72


















33349.99



8742.77



























17736.01











































28055.03


























24804.01





26362.26














36597.36




12449.16












13464.03




































10253.41







































23577.94






28869.31


38465.38











36499.89








31140.13






























40401.67










19207.74



20341.46






8681.63
18606.19












17791.41











46220.14









11468.87







16061.99




































27933.52






7255.02












































14600.29





















35026.71

16682.41
20638.55






24612.12



21470.15












































19287.93




33725.19


20005.60
25227.24

















































10330.79



30981.05












27713.53


23504.96

15306.82


























18125.21

26186.51
42091.68














36399.10







14185.83











10829.90




















10469.25













13764.65



27232.82












18225.82









24131.73




11313.94





18017.84


17799.73




31189.41









9015.99

25988.05








11001.30



35527.31






46064.92










8673.22
















36637.60


















26997.85



20075.47

34752.68

40621.12



































31389.10



21710.87


















































23220.50

















21830.89

















18661.26




























10159.30




33954.68
15239.48



















13163.83

24343.97




16178.73

25282.95

















32306.39



5476.76











26535.63


16981.10


8797.19







23890.00

























































17199.42












34025.82





32603.50

















16208.78




18585.60























9073.60












18493.04

31966.86





42335.98




































22408.18






24921.02













48828.94



















29845.69






22487.64






26711.34





40735.68







14307.03
35094.46

23152.81
27917.10




43129.22


8418.40









28819.63



29345.16










39141.65











26378.90

9066.80

















28898.71

34127.95






24905.33



39548.93





29255.07





36880.29

















22572.48
















16676.88






































25476.28













23857.35

38319.29













39516.32



































8303.65
































35403.07





26095.48




19969.24



20205.98





30887.38



11022.96
18733.81





36559.25






21892.04







27972.08
33787.05


38381.20






20155.85









































31379.00







12079.11






























37545.21







16964.79




































41170.27


























15225.85










22954.79


26361.69

20403.93
24885.07





































41666.80









22133.01















39940.74

33367.36






1468.70




























10710.20









35162.67






32205.09









8777.77

24950.55






























18592.83

25022.87
26928.29




41321.35
29123.70



















24712.51






















21018.41












18086.95



















39980.77
29723.69














7104.19

1124.74




24104.28














































9416.10


22065.65


24749.60






19159.72














28784.92





27084.16

11203.45


35260.96




31069.32








11013.34














17299.56



24909.04



































































33595.48








16274.21






31794.14





















30978.54



36323.98

14719.91
8118.72














18309.08

41971.34













7639.62





34708.42





25699.75


















18208.66
10702.89







24897.22








5303.15





4478.24












18436.58



25318.52

26992.13



25186.61














7847.53



















18361.36





43396.27




















15972.94


22837.09













48511.03











7439.40










20853.79










36697.35
















































33938.93



18280.77
15995.91

























































32337.90



















8946.99














23398.02

























































29275.93


37305.03





18046.64






































26459.65













21631.49


8842.43







27289.52













































23642.23
6156.96













































29828.86

36972.48



































20479.21










11715.53








31303.35





























9497.68










22899.75






3023.95












32063.90




27488.60











10736.79









24549.70








35196.12













41306.88

























23353.31







8972.05

27935.52






















12820.20



30278.77






32232.05



















48326.38
22993.99


23881.14

























16512.39




8725.80





33797.35




44784.86







































10921.26




17182.64








27427.37














33014.44











6253.66























16270.84












19711.86






6161.00


































17792.67


13146.18





35995.40



36396.04









43493.25





44050.47











25475.49















28703.51
19267.87
41212.32





30290.94





24567.10


























43323.30











18618.02


















19236.62



17956.05
21204.58


38041.33





























38182.86

26471.68

16566.64



23916.29














27131.22












15562.39















21975.12





15329.65










35354.19








17545.74





33656.52





















37209.60









6999.74






21621.24
22858.29
13524.04














25458.89

























34230.35
32224.02
















24241.83
45977.74



41605.81
36630.87



















26490.44

8163.05































23469.90










17811.45



















21133.95










16511.29









34144.12





21075.63



30460.74



51745.07









































32888.38




























32374.69
48332.95


40210.96


33653.14

























12082.14


25161.43



















13532.27
















14940.32




41916.51

















13224.66
















35924.40













23280.60


46124.96















12175.95
30569.94










2231.73













36512.87






43445.24
















28576.63
















46675.61









7717.39




























37320.48


















12453.27

47468.78





36861.38
26742.39


















21362.31




































27397.02




16928.48
22581.64













16823.44































15965.36
11515.55














18229.02






















23663.24



















34908.79

































41651.87







26882.83












21975.28



25845.95




23247.71

30297.30






17860.39


















14084.12



25903.03














11432.20











8328.28







33210.95



42731.58



















12255.00







16783.56












30793.12


































15306.52

9657.83



















20094.03





15303.61












14469.25




11251.21







9444.54

19641.74






34567.11




27226.72

































30149.94
44524.32







17020.56































41966.45
19449.47





11864.23

6193.19








































18140.81



31093.98







22958.18


























30819.08




















53639.98






























37310.27







30375.98












16718.26



20979.94




































1957.47


36787.69







10431.35





31571.27
27901.28







12583.33

































34041.34

























13089.70









35914.53

15004.84










32245.63


























































16941.53


















4347.55












































18112.36
















29025.51
29729.11









13083.69

10576.48































34714.79









33790.48
28583.69




26581.77















26969.35
13337.31




36695.10























23157.93







10970.94




31299.57






13007.53












30355.42










14797.12


25561.39












37936.85



37271.77







5356.06





























13893.50
12322.28


43513.42

























27688.31
14558.25


17228.26







21359.06


31863.19







6188.92







25190.15
















14064.82


12597.38



42028.53











36259.63




3599.07























28169.86




















18090.42


















23948.68
29988.97




















16097.73







33506.86
42515.15









34718.88















16159.87












41198.64









11697.19


















14883.30

19685.40

















2432.87






53050.61




27023.28

34088.79










23510.20


































31680.65




















16070.69







45095.47





6330.09



24771.35
28674.91

























6435.53






7251.96





















4488.10



31157.46
23759.30
























16889.97








5618.59


























24067.81


37000.14










41011.54


25940.88

20704.89
28433.67













35260.48









28713.09

27200.55








56164.34




17431.18













27251.26


7471.15






26811.10














8349.92
36060.25
























23423.47













9729.72
36161.96


28512.77




26201.20





14991.56













13552.18











31710.61

















19753.35

16759.34

32078.48






























17962.49



















































46812.18
















30543.74




































26027.55



27827.70






8154.89















26487.58
13499.58




23921.07








10677.48



29187.80
























30683.13

























28730.55












48991.13


















25217.11













15302.95

29262.51

















53945.14














36794.60
27261.81







18217.52





5223.73















20149.88







31409.73










































14295.19






15894.73


38526.35


18168.77




23023.94

26311.88














10326.08

















13199.45











41645.74


11442.46






12080.74






























22321.89

31253.80















18950.20






















36466.87















26757.53









33513.25







































27611.95
















37240.29
















27962.51





19027.03
31732.76
















39349.18
17235.25

















15315.42
















33361.72








24411.54













15917.17



37911.41


15928.82


28143.39


26431.46














15165.07











40127.48
22508.80



30224.22



























14704.52












20580.40



35542.14
40874.14
















36981.18


















28516.26






37306.24




































25467.42











26644.31





























9234.43





20117.38



























28303.63






































31049.10













7630.29



























23073.61

15952.26













40961.66

15816.81














25705.96






















40664.55









18278.02









26849.41






















21457.30




8600.74

19745.97
















38395.33












22573.48


25965.97




9653.41




11536.73



















8678.07








10760.44

25954.41



















18411.24



26327.56







21316.24














32825.90





20627.77
































40050.43









































35357.89

















27764.83

















6202.35


13194.94




27567.40
37727.44

31777.03


18613.47






32076.15







5560.56


















42405.98











































14177.59


13432.33
















28914.98










20205.62

































16279.96
23623.28











40070.98






7874.56








15867.88










19021.76













15859.93











40748.35

21911.40










44336.61





50086.04







24645.77



25853.41





25901.59
15247.14



22216.94







































16454.70
































14830.51


























7081.61






7821.89
























11688.28










7058.50

12280.69








8227.50










12968.18










40936.43
















48288.05

52717.86

16669.90







































25907.87












30763.00




17325.72



21862.19










27556.92






28214.76







42474.64






32396.04

















39502.97





















11622.26













19802.56






19858.26

22597.60















































14002.90








42974.80





21418.04




37460.02












34339.35
40776.47


















17881.81













11192.39
38732.51


















27344.05




24050.82









21364.58





25627.96






















































27844.25













30679.33






15670.62
31534.94





41598.44









5828.86












16965.92










28514.50














7564.79

























18329.73


47078.05
21349.52
3483.37





48492.92








25372.67

















16674.84








































31237.67















15757.27



























21258.23




19974.28
























50575.05



















41329.69








20040.59





37095.65















41009.31








16486.95
15947.52



31764.49




28252.01
























26103.71



23800.67











20579.20





































17414.35







18661.16




26895.45








7407.20








11885.85









33650.37

17772.59




24686.07






















24419.99












24066.10
5682.01


32383.71



























42432.95









18452.87





34686.38




10514.96























19880.69






34398.37



16160.55






























30087.40

























30920.95



















23359.43

















36344.15









23504.11






















20649.54






30465.02






























3395.50




6169.90





























34067.21





























































37291.03















25890.03












11861.96







29218.98







30920.08












32566.40

























21021.17




3828.49






43372.99











































33863.75











21128.78






















19289.95




15867.80






27462.04


30896.49






































28669.48






















18337.37















17967.37











37012.03





6938.15


29970.04







































9118.43


19299.33
13105.39



















38034.92

22225.10







18340.40








16063.54













39713.97





















8749.74
43636.92




14703.62


29545.43



32498.58


















15680.71






23295.56












13786.05












7281.64





















28400.27












12906.79





































































































42237.60







31795.89


17945.28















9735.57
















41048.31

33697.64


































11771.52





25650.10


30566.57
















27231.66











33409.33

















21620.80















33085.56













25261.15
































8713.68






46689.36

23485.79

26354.64






24959.33






26435.29









































12165.12




17569.94
























17425.33








13766.54










































41200.45






6486.28























12120.04






32629.26



40055.61













25546.55





21269.79










15425.65






31113.76































40306.18








14971.96

13200.95































35795.27





















14066.47






















































49197.24































6569.83




3851.64








35913.83



















20115.08









45162.62












21657.35




























37241.52







13683.61


18168.99






33603.18








23200.47







37046.14


23771.98





36292.69










31534.32
































30774.30





5381.85



48025.41






50248.74










41385.54



5763.15

30278.18

















32337.69




























































23747.88





17171.45
















16161.41







































































6275.91







24603.21



















46497.93





42446.24








36692.53













24204.70





17987.03










23347.75












17797.21


27276.59












43789.60















19358.29















44482.41


5826.39


















8530.39
26357.79






















31530.31
























6188.46












8026.25
















22947.36




6142.76

























18858.26










36608.82





























33845.09







32139.52

35905.50
32717.36

13331.04









10950.32





















16215.55











18257.49











24381.86








21142.16













10295.55




20882.66




















29481.69






















28116.89











28390.60












38892.77


36673.61


















7313.04

31795.90

















8414.55


































17911.10

21960.10



27061.00




















12731.04




40223.19




13711.74




18330.08







































43301.31



















27447.64








33656.73
37132.27















4975.36















7508.36










26793.94




































26661.70



28733.45


17754.70



42587.36
38087.06





31545.93


























28655.42


4049.18









41861.90








10510.82


36847.01














19474.02


















12600.92
















29456.08











16101.85























25594.95










20023.89





































22538.83






















11304.45







17746.71













16631.26
26623.66

























19482.67







18042.59




































6358.32




































27895.61


10462.37




14103.40









31864.72



29138.17


33002.05








4923.49















10730.51


8000.99











38165.63

38085.52






37125.51





33282.08

















27881.17





9846.99



29145.05

11498.53





21891.90



42108.74






























































































9578.45








































21475.93



26813.38








44646.44

37432.75




16344.17











20373.38






16779.25











9423.60













31783.18
5407.30










29253.32

16043.51





38493.44




















10186.70










13649.99






12333.17



















19048.23



























12725.63


























30019.50




4142.94



















































18127.82










19380.18








46536.03




18893.69







11878.18




15464.64







16109.07














38964.45






















7881.41













4206.32






34320.90




































7106.14

















42580.77


























17300.79
34610.63







43250.43






































38042.08














26211.97










21640.04
21619.63





14394.39









44207.93





34174.03
31805.52












20814.73




10481.98












12724.30


30775.56




33809.16


























1674.01


28572.98







50337.32
































28447.52










41580.04














25907.12












10879.11
















26583.02


26980.92








26527.97





















42011.00





15499.89





33588.97







25526.73

9030.30
















17746.42


28639.30










11950.26







18917.10

13382.62



40357.18



17962.04
































12589.57




















18690.66


23567.16

32873.51































15931.36



































9836.61


16955.26








8809.58


24578.58















28245.51




31885.75







37799.14














37928.57













34359.62







































21796.31


















28245.22


9857.05
38331.59
















































14070.77




21243.08

24333.21

























13562.57






37470.13







9744.07



































37711.49









































29788.25













25121.69















43639.49

30040.77


14778.18









40231.86

25236.99





41405.17






24796.07



























10744.49

















29129.22












18536.03
















40707.77



























12619.75





19559.13
















29146.87
























34587.81















12540.54






45406.09





27225.60
















49990.61



24066.66


25186.08

















38488.84




33494.35








































33759.56



















22633.36



15337.32


13651.41
41590.97













































46942.30












23936.21

25707.85




















37102.54















16176.91



































57588.26

















36659.73






34808.27


16973.04





12659.31








21897.64












12541.19







25884.29




























20301.30












6659.31


27939.38



44483.76
10429.87














5685.59


8495.61



















48772.78








28602.40







32886.35


15945.42


15189.65


26072.52


























16441.91









44086.85











28180.50







16832.93









19339.57






























8081.19





17623.31






















49767.09
















20590.18



















29288.51







21779.94












20762.23































25939.87















61253.91














































8053.82














20348.67







23232.60



29631.62
































23063.84



















40188.75








13399.60














32710.09
25160.95





















29690.62















48708.99


22663.03


21275.33






44286.44
19791.27

36596.03











36735.26




























36730.27











37466.67
















49008.44










34177.03
16904.73



















16365.59








13682.40


43166.36





37770.73




23950.36


34321.14




























9104.63

16960.91











25292.00





























29843.77



24073.70
22855.73



27215.90


























38044.54



5314.68










26663.30

39180.59











17148.80


16576.84










11169.25


































24541.42







31113.31




























12790.84






10408.30




47185.92














36897.77




























23093.34

21432.22

11845.50




















15374.96




35599.32

35760.36

















25269.79


2884.56








45427.73



28542.62
























45437.65











19120.82






1558.26






















9397.46










22663.82

6239.59




















































26725.32
32561.39








29893.50




25408.38



























28558.91




35237.21

28562.08





22693.83









5722.19









42277.58













32671.99


22235.67







21538.16

















4459.95


















45342.52












18585.69





19200.88


4705.06







28283.18







22426.71


28811.68





16205.35

18813.42

4025.01















35898.56




4523.60







25476.91

25283.30

































12698.92






52516.15





26231.39






















15053.89

















16388.16




























28473.79





30418.51


5363.70

42146.47




























































28130.01







































4470.87



19224.39














15117.70




32674.96

















9874.44


32038.96



































16048.29




25785.52





18277.61







40455.48






















11516.83

15268.14














17799.05
26690.19










23333.46
20347.38

6460.76

















15536.80



















42861.88










18865.69







27335.26

11726.67










25511.00



18679.68







19048.78





22562.51









20317.88















22689.38
























35281.04


















47902.27










34724.09


18893.12














31931.74






28794.23







22776.45


34763.47




















16712.34






























19070.27

















27715.99









15075.66




23423.64


27165.31


20002.03

















15053.23











32761.58

25899.77












43272.00


















20410.47







35695.14












5583.66

18696.90
27180.93































5965.46








20475.49



















13429.70










35998.83




37681.96





20048.36










19628.69











22940.39
















44804.02





























20352.43
















18931.25


17366.14




36570.33


7596.99

15375.52

2803.36










39781.38











20270.17










29473.58











34348.81









44664.92














22162.94
31932.78










34709.07




16249.14

















7631.55

















































11157.05















37175.45




19794.89


37285.70

25449.28



10059.30

48005.60









27476.06
25811.10












21602.12
















































13406.32

29262.63


13207.98













6498.10


























18396.44






36605.72
















25535.36


















49660.55





26852.69




















17049.07

















36685.39












16166.56





20812.65


15067.94





25562.65






12568.47





35219.20























35361.15





12992.76




17275.11

25327.44




8711.87




31484.30

18344.54

26162.35






7408.88









2952.72






















28600.06





































24371.22







33337.60


15728.45








23750.74



























10708.71









23807.83
19479.50

















9143.69





















9749.49




32507.72











23368.99










41176.34
























27319.84
37506.26











19463.31



















29145.01




22685.47















17655.89

















20826.61


















30506.56



















34562.29


















17241.41
31591.07




12329.37
24183.55






15506.15




36010.64









36276.18

19272.47

16976.06






21572.81





34971.89
33384.44










38983.51





19255.55



29458.28










47535.42









30730.31






32494.37












30679.50
































45104.39













26038.68



























12482.56















18002.81









10512.36
31416.61
29885.22


18152.50


34935.83








































18774.79





















28531.46

42379.21
25245.67




39157.74


11138.14






38091.53







































7572.82
36250.47





22797.05











33287.62



37372.18









29883.19






21605.35















28793.49












18442.16


22614.77























21802.79















11479.08

29277.13




11733.94













27536.81















32411.28







21880.23


19503.31











11231.60







16392.60



















11618.90






18811.09
16876.57












36896.74
27361.34












13979.32



6801.52
























33233.21










17829.67














24467.13
6000.95






21124.08








25736.79






34587.46


























23510.23
8469.80



32162.37











7955.22









33862.73








































4264.66





















13677.91

33040.77







35013.96








23227.23

28583.89






27559.51






31224.84


27253.61




31048.34





40235.13








17540.77







35320.32

25655.34





20102.83




35748.00







23377.46

















28653.95









24767.20






11445.13







42213.70

















24709.03


17363.25



40255.20

14159.78














15142.84


























7620.85








19324.83
45416.02
















25027.85





























25076.13











39699.80






30366.46















7791.67

15800.32


10935.21








36012.50











20897.83


22635.39













































17761.11























8865.60







24825.61















49069.04


18853.14




17889.51






16044.53







13696.40







39332.29




















24505.71




















11930.94















































14457.60
26173.89


















18844.60











52396.60


41856.62















24793.54








16695.39
31602.66








































7472.58


21627.23









22785.33




5576.77


21100.61




14950.26











46891.26
36805.41






40227.06



49052.84


















32959.39









26332.92





12243.51

7714.89






16506.12

15473.90








16443.08


30858.29

















6004.30




















































49367.22




6499.84
8991.67

7637.91





38378.88





















38282.89












13324.17















16567.38













































24623.66


27746.22















50597.59















21368.01



27863.94





28020.26

15641.09






















40163.32


28344.17

26774.08











8447.80










26657.48








19779.33





















8794.33


12319.78

























16698.53








42811.20



























28057.06



16206.35



















11687.77

39101.99








41005.21







17821.21

20551.73

















9835.77





38347.72























26610.71



19222.02




32420.81






36575.24














12253.55























22578.15




41890.14
























20748.83












15022.06




20427.09










38210.88

39689.35

35304.35

























37527.83



22057.57


7377.32



3786.56










27550.06








17263.89


25044.82













9714.64



43784.90

















16872.14



48980.83



39223.15









20600.62











25295.26



18926.76






25462.17
19676.83



37577.98





















28731.79














13301.41


45253.15


40198.46











7533.45




































28135.22






38198.43














































4255.37














15948.12













11914.75






5701.36







26491.34


21390.70



27507.05










































11951.48

17027.65












29548.40









28608.51





43297.43







21036.26


14587.26



31235.66


















37571.64




























12343.98


















23663.52





































18599.31







19571.68







31323.49







































































































35455.24

































20576.77



12725.76





14999.57





3172.98














22979.69





























































































18754.57




























30521.95
12169.24














21389.55
22930.41






46596.34































19281.93













41995.44








































































5654.61



21701.78
40897.61




















22513.03







49530.01
14474.14

















10219.02


28518.36












25037.48


4507.83














23314.46

















3952.23

22955.81







29379.52


















37583.05


























29413.23








23437.53






25418.88


9421.19




32058.70
23411.07



25631.99







28783.71








32754.75















30383.52
















28493.60















25568.16







29101.26





42609.41




28046.24












44491.87






17397.28
18689.16














30849.34











20601.96















18712.50
37167.01































31089.57




































































28874.74

19163.39




















15426.43































25938.48





4134.29






















37295.32
























27430.67























29630.07


5988.35



29721.02

31837.28








































17486.22
































29476.40











9502.76















4412.87
34016.75









15115.42








7700.09












22546.19


























































33033.57






















20155.86


17997.53


31989.60



43570.49






19473.86



13759.65



43380.99







23489.50

24298.59

10414.59



32337.51






























14890.57































7685.32

















25151.16

35408.62


44150.54









16807.11








32140.28





19612.73

















16956.34

20612.24


24049.38


42525.22


















3607.95












13823.44






































37204.08


13660.47





















26253.46













26169.54








32074.55



20166.48



















20486.89









21533.71










20218.16






16033.58
31749.38











25810.01
13722.69










8023.28


32680.35



















































29415.43

18535.19







































18980.09
27288.19










16693.71












21757.15


31347.74








5193.68

























5997.63









36938.26



21462.84





























37258.48






























19558.22

























16639.04
24150.91




































































30184.95
19075.84




7965.73



26731.93
19101.70


















41807.15














23015.09

































37789.41












20834.58







49318.46










21016.18































13285.07

















26575.36











36341.90






33581.86















12792.14




























43718.22
22562.32






















3167.26






21807.50










25374.56










































42050.67



24353.06
















40777.26



















15562.70
29914.87


















27641.76






33964.89




43558.00







20704.31

34282.51






















32459.12


49055.86
















39516.23


12798.72






50925.75
15568.19






















































































43111.37




44008.07





16627.73










17104.26


















10944.07
22180.41




29903.53

















15727.95











878.46























30742.93






56985.37










23528.13












57203.10




20587.93





























14097.80






25463.50



















46047.15









38473.88

35703.17































23932.76







25952.34






25178.95

































34688.10




35449.23























17516.62



16016.71









35936.20






25092.58











33305.35














39576.39


39435.20


































16330.35

























37560.68



















20418.11









4322.95









16913.10






39652.55









13482.09














23915.12



9982.12







22691.25













24893.62














27888.52














25644.75




11020.82











55006.54




















14610.74







47889.48






19076.02







9905.27



35355.97


11618.52

















26544.34






24367.92



5564.61










28692.78



24526.56


















23506.94
















19575.17



11964.44




35441.00















21793.24











20535.87

14423.31





10619.93



20186.13
13740.28
24416.62

13195.19




33026.93










































42030.52






















































20279.27



13917.37


























32626.46






18403.67


19110.27






20269.24





18654.35






22177.87











































35026.23


















34872.55

25378.14


23155.04



26382.28






































39990.46
















13648.17




























9944.10







































25769.00






































26910.22
















19907.70
15409.30




19624.50



22576.63


35856.40









15689.48























27599.37

























30406.26














16344.53


7804.88


































18709.11




15262.94








32183.25


28519.40




9060.38




24631.20

















42698.69























26379.14


12466.35

















36477.23



















































































37543.90



8096.92
















26945.25
















































15004.06







































31546.24





















21769.73

21708.53


















40151.57
40677.79


















19962.40










45564.28










6153.63












































31850.80
35759.34




38898.53









23679.28





















31247.01

35393.79











17347.86















46575.87




20379.99











12774.67































40178.15


34306.94













54409.18

















23527.03

29130.35




41180.54




















18027.87






4668.52





42342.61











21168.67





12680.53


















13658.82
















28091.17
































7081.53

























13534.59








48344.27




33921.47
























25724.54





19728.86







33111.20


14437.49
















37606.84






3482.46







34953.60








51321.64





















11731.10










21034.65






37853.11







11607.45

20030.08









33823.51




















26220.99
27291.41







































11039.07












32606.36





41090.66


43519.21
37975.49



































28655.47






8962.11























11203.57


18180.35













17322.88














20288.27






21891.71










27611.22




6398.49










10246.91



8696.40











38719.14









3758.95











13002.85




























39374.26


44932.11


26548.20

33876.83



11343.16
6586.18


38671.72


































30436.26







26767.76




















27490.49

39124.06
























9239.83









10399.23




20094.64



39780.76



















7889.78



13157.79


















12659.19






29163.63




















































16122.81

























9410.28



29223.99









25002.73





45784.42






25133.01




4583.68







21764.91

















16197.50



15030.97

19984.35





















37036.27






























30925.01





25329.54
4640.53








12442.14












17165.66





21530.37


25078.59







27388.79












18549.39









1631.75
28909.30

























11562.99


















13978.15
12149.51







32618.70
























31324.09



33122.58




37187.07



































9259.74





26563.49

13311.13




















15489.42
7620.27














51039.37














16327.78



































24974.45


















42496.60


14932.42





38171.10








19375.50







34614.77












16390.05












12987.70

















16041.15




























4423.07



































39810.71
















37916.74

17587.33





28130.70




20502.59












12996.34



27319.56



















14702.10
29818.43





39590.83





52474.96












24412.26






36404.81

17890.72





























30488.39








16166.04



18916.18




4882.93






















18992.00





































26206.85









9524.78










30128.21











22963.67


29560.99








6050.06










































17118.86






















39687.54
37378.37













15357.49



29940.26



















16775.31


























39771.61





















































37722.31


















20967.92


39138.67
12313.28

















41797.24





38638.76






31791.35


29038.65











22458.64


15064.53



22199.40


































18686.21


























25044.98








27414.31
37854.62








17797.27












47738.78

21082.25












32528.28







12819.93

22775.27






44364.24



29166.91
2254.12



















10074.28
















14863.50





















33634.33

















































23303.48






16326.01



10632.30

















22043.86









34276.21


















16767.06

23404.54








28669.39











18056.17
















10790.62































32748.20
















































19174.23









27301.90





















39146.09










33287.24














23540.44
6517.49


23773.99
















22399.50
13215.55



31168.13
21471.87



37334.70
































19991.69


30891.80















23570.53



























14146.38












34344.34












30861.98




























35458.04











































18127.41









11952.85



14963.56






10910.20







































27528.74

15472.86




39691.33





17543.76

















32711.38











17106.18





37667.26

38922.38
44418.85















27563.26







21489.36
















43199.58





17543.97



32618.56


























31218.64







13142.48






























28622.12


27800.05
































4649.48







3388.17


40803.98






17069.81

16165.42


8474.13
16944.57



8476.06





20012.33






























11524.31


























26433.48
29905.03



15331.16






















44507.48


43766.36





33578.70




46573.37








































38947.86




























47572.43



7007.51


















23994.10













24329.52






35925.01






































47031.11














13768.43







31511.06























































32688.47













12595.28











36032.20





17522.34





26349.03






24233.01


39328.23

40447.33
45870.84


21158.60







41719.67



































3697.45
















22833.27










26783.35









45097.73











26544.23




























17847.88






















44474.95



28564.95


30650.15








34626.80

















9841.79
8427.02
















21958.98



















37680.03







19083.91




7523.33

















37273.37






41749.70


20363.99
































52188.73


2821.47













27098.84








29186.91



































































14806.08
7620.47









29247.65












30083.29





37332.04

23045.28








18646.17







13935.36






















25312.37


47531.55























28771.96


45451.28













35903.06














50499.74



42717.88





8618.50


26847.28







15960.94






27431.31




33662.74

21177.39






51098.42




23747.76



20079.54














23524.46
43770.28




37726.32






















































9530.82
27419.69



















16759.17






17502.93
























16137.73






24557.49

21388.91



21669.37






41348.23




21560.57



























17583.36













17257.20






23217.81











23768.54



31284.36












10322.27










18728.34















23654.98
6819.75
24529.52


30834.43



33847.25









17253.96



17098.30








11343.16























46690.53




















22669.41






10274.17

























18208.14


34318.83














25770.67

























22128.52







15660.02




38017.83





























34157.40
22560.34









































3463.55


20231.08












42794.85


24779.29
25915.32






27299.50



28552.86





26806.44
24614.07





















36600.54







26010.30



32101.75



























26897.59







8570.49

9268.54













9687.67
14157.84

20878.20





































42158.87





25594.87































23278.42

9937.28

























16916.02














24171.39


30156.02


24676.78





11404.53
48883.03










28053.33







23690.37


15772.58



















35141.61















21093.98







31090.51


























































8667.19
















10244.91


17632.66





32957.11
21819.13








28127.48













































24183.66







11861.68



13665.08









32672.05
3674.11









































39981.38


















33456.24

















1122.48





3350.09





33123.55

























49486.15







21734.38











18940.69









34116.07

19974.74













24640.37




6966.38








39163.80





20909.33















26310.27




12201.82














19282.55
































22042.40


22628.77








































12006.90




17850.19













32123.96



16940.43



















32897.52





41795.33

25652.63






13876.04


















7584.61


























9792.53


















17699.55
















42948.16





















26993.11












14213.15











17378.22


25350.57



26871.05












37594.66



4807.74



35384.50







22911.09

35282.62


24277.53





18774.90

























15217.71

30625.67







32022.26





25654.63
10799.88













25649.54

19997.50




42344.41





34952.88





































18411.30



14975.82












10398.73

















15674.30




32885.63
8761.85













22096.99














30964.18


2446.64













17220.77





19827.37





30792.07






25261.15
























23486.96



















50624.38
















16427.72










31810.69












43905.60


27739.82







24327.32

















25238.24
28946.91












32651.89








30886.28

28887.64



33270.80






















23050.40










13967.81

















21741.67




34520.82

26342.17






























38696.45














































35083.62



































14950.27
15355.11

















































33541.72

37770.08






26995.47






































12296.05



13659.26

22277.66





25787.90









35105.22














16132.51

20236.62



30254.63














































4016.91

































17976.56

23063.13





42916.62
21074.74








30722.98









21561.74


28994.92






42325.35



















9147.76


















26672.86































32527.42










26966.23


















22426.29













26620.41





50191.10
35953.61







































20953.01






37481.08


























6257.86


45441.63









11021.78
18649.77








24304.09
















27951.61

31134.10










9475.45















12947.35

14133.33






















40976.63


13096.68


















18418.74









27712.59













8763.07








24505.82






30277.66


20904.11




27945.04

7599.80



























44409.52












33729.87







19439.47







































37366.12



33781.56














13930.60














































34378.96








1995.93








21509.82




7157.48

18260.57














37048.52
6309.38




6975.67










































16405.21









2569.31
















52585.81
























24392.73
32562.33
























8279.00

































20687.39
















13016.37




















31788.37




















34981.09

















13194.52








































33954.24




41102.25

















30208.14







31102.17








36289.04




10912.99











22341.92














19215.53






26621.84





15782.71













26406.98











18298.40




11464.41
30226.89













33297.74






30688.37
27159.40



15603.78



42701.22



















26084.75




18082.59










6717.85
12886.01




































25302.93


32282.38



























14387.63
9783.71














23549.92









10037.68













20032.76




19094.42

















































34134.36








33544.68

















16612.13





14033.02



27223.17

30083.74








32156.80











9651.76

























22373.02






35988.99















45911.09






























21399.31





15141.95


























12065.67






















5268.30



32320.30








10494.90
25079.55






































29244.38





15284.88















16141.86




11923.01

10730.34




19357.55












39903.77

















20007.92



34239.73
36810.79


35920.40

























































16251.47














27111.86



12279.93










35713.42

















20515.48
12918.04
























1530.83











20100.01




36420.16








13042.91






26515.50




































34685.70





















26074.66









1862.76





























15892.21







23309.23




















3037.53







50711.75
















43724.66











27155.15




















27473.07

1275.22


9668.95
12070.05





25047.71
25534.17



























32834.78























20904.34







21647.24










17236.59












2385.96














































25688.95




13841.90


38728.09
31413.02























38250.51





































































13719.84










15771.87
















13661.25






24017.65




46905.66










13043.08






36719.41



















42519.82




27592.16



















16519.61
















11396.60

8870.29











14680.46












29292.51





34375.45















5564.27







20168.07































16892.37















29991.57




18883.41
9955.04





16972.51




45160.14


















24371.64
3332.31
































8912.58








21575.04






























30815.49














29210.50







5384.82
























32085.48


17102.90























13853.26







19487.00
14674.92




























































14870.93




47262.55





































18852.75









7253.29














31486.50





























31600.49






17467.25






















4554.84





13927.27


























30237.35









32275.64





18942.15














45373.57

35821.13








24800.62
















2597.38



32060.40











8843.20















18628.05




























33239.20






















31139.72








34533.36



34444.38



7959.04
10503.61



14044.76

















29711.46







11160.08


45458.98
32157.68























36493.87






13251.16


17350.59













10918.99































29922.57

25991.96


37678.13




































33018.13

37166.49


























32030.19

5735.19









29279.08











22055.12


42511.75




39244.18














33736.03















28157.15

























23417.73



23754.29

37806.28




21220.20



28878.10























31325.82






14208.61




















40560.21













23769.70
9977.13



15216.18





















38325.70








28218.23































37108.56











35675.10














25659.10












15050.29




16399.64








41679.81










22642.43
























28801.49





































31717.18




42811.72


26964.59













17510.15












































25425.67





37185.67





20806.32


36968.51


18988.85


















31994.03























26650.28































36351.04

29221.68










22615.10

























11507.07





21016.31




































22784.58








36695.87




38825.66
9453.24

9216.91














29010.42











22938.78




























43439.92






20589.61








29894.73

16183.39











17377.83















35585.32

























28684.62




















24077.83
























14557.32

































30338.59












21286.93

55196.13





8967.29
25611.12


22316.04
44273.70
















26606.01


19033.19
33284.43





















30175.22




33705.73





7832.54








23358.59












19978.09
36198.51































16473.82














13009.22

















21574.76



























26718.24






21557.29






33426.55










14576.68










4571.54

33298.11


32126.78











9802.72

























27987.41
20156.15







23511.29








37840.72



10491.56









15679.94
37740.76













10734.32





























30303.52















20510.53


17443.02
35462.43












23719.63













24954.40

26911.65





























33972.78




























21839.65


27893.27

























20162.56









33731.87









14186.84
















18372.06



32851.99

















16237.67

11811.17
18393.48




















22939.45

















39084.20

47704.89





















24430.53









































35374.25



43315.44














7450.81
































14382.12






10013.56




28086.10




























15210.36
7377.46






39529.52






23661.11






























36790.82












15419.03


21906.93









48631.91

31710.15






11294.26


36078.81








38075.27


15207.52
















15009.85









































35107.33
19684.75












11541.15



13452.72



15542.96












12776.50














20448.30



21380.44





















6754.86







19401.76


40089.65










15588.99

36992.69







38187.97
























30500.68




13674.80









22004.78



38893.53






18950.57


18768.78




















5987.84

39840.44








16520.49




9501.95





33440.03









17651.60













































11075.36


38609.82







25632.45



6630.53
4397.94


14894.72











35733.63


10808.63













2766.66






40511.71

17828.49
16616.56












































15759.85














23823.06























20097.04






47382.66










24617.21




2680.63

34363.86
























20197.46














13846.32





14164.86



18375.48



25654.74







44344.75





49580.02

11711.37







26987.28

















9174.70

37170.97








34411.69
30534.70

15184.56

25297.85



48912.21



35142.09

























20596.67











41657.90










30746.75

14906.50





21598.08





















33422.26


















41691.78


11376.23















15126.54

16659.46












25596.16
8382.87




























16886.81



















26496.41
38773.97





23383.26











40871.86























15697.27




























27348.11

8817.57
30593.43
22293.22



















35398.55
































43950.97








18257.80















24611.64



5860.69









41110.34




43646.51






































23002.97












18690.23





26493.14









































44237.79

















26952.05








22166.26






43273.39


21782.33





21287.12









15856.68








21227.77


36797.35


17223.99
































36888.26
12573.65
33202.32





20085.57










15952.06






















4525.65


29456.32



















10325.14












2066.99











25318.66


15521.32










5570.47

















10276.46























30692.59














22813.06


















































12534.32




19937.28



6721.97


















42236.26
32398.48














30382.93








48400.03







33099.26




















35140.16










3707.57
















29923.27










7748.22





22503.59























8208.84

























17163.85







14769.56





14784.66







14802.25

34791.40










19920.67













































29231.68
















41190.34


21751.56




20315.08








48117.95



42637.54


33076.78





40536.09




8341.16




16927.44












23638.26





















29691.40




24376.67



9116.84



28529.51



























20384.20





17009.21











39337.71

















40671.24
































14214.94














26529.96





22905.87



2687.82





29582.54


















18849.53
26382.69



13872.24




6064.29




16764.30































31448.62







28457.01


24734.38









15979.43














22200.89
35727.63


11415.58





22571.79




31123.04






15564.83













40479.47




































27908.74


















32225.18



36117.94

21526.23




29250.86



21460.98


31699.92

























29102.19
























46513.26








23836.40


32001.30



20198.29
































36178.39










22384.20





























38920.85



14774.81

32843.57

























































29408.35












10405.58












28002.45












13755.73






19087.49



















21529.47












23395.72















39095.31
19625.56
27808.37



33652.74
5600.59









21153.73

23061.94





























44425.16





































21246.30






28983.32






















23583.63
11516.61

30725.06


27360.35




7679.16

10224.45





29358.45



17727.29

49675.50












15156.73
18977.34



















12024.30



13712.33




33701.97








24206.46










31096.78











6598.00



















49020.45











9073.12











19115.69



















39241.90



15043.52



28290.88




























19349.84
















































18594.35




















9628.30











39200.16
28811.44



































2631.36



44587.27
36050.40











28760.80


7499.43







27784.60

28552.18
32261.34




21011.49

















31742.71



















43570.64













28304.24
13608.09



10237.58

















20347.67






22732.85
16010.07























































32131.90

























34476.60











22578.29












33217.01
















46066.87











4242.69








































33491.82
































11826.73



22424.04










29169.37




























20880.83
10967.75

17471.07
39227.45


42323.79


10419.27


















22428.37
















27450.22
























21762.92






27844.61






















































37960.39
45540.63














45656.48







11452.09





36381.42










28539.62



















39250.48








































12701.20





















































20152.30






42931.37

















13716.25



























14188.22



















38484.74




18945.73







11479.23














18730.33





























32639.17


25588.45























34269.48




14705.87



21544.51


17316.37



















13805.21










14961.53












11302.10






































12480.59



8772.12























27824.00









39227.72








13655.56











11516.07



44576.08
11942.17































42038.88

















33904.94



















29668.78
6717.16







24192.40




















































16806.46
33649.50












20986.07
27021.84
























23805.74
21658.03
























13711.71

13588.13






46552.39














24714.59



















































44680.66

35871.54




30262.72









26654.97















23458.08

27048.55



45332.49
19266.08







20387.37



19644.11








11885.67






7180.74





































21800.72




27949.78















25710.44








14835.89





39572.92



16236.53





24446.49














32862.48

















34037.12











10977.21
14378.89








39358.74























37291.69


41539.23









21879.03














24754.48




32866.60





































18966.10





13690.09






















2514.37










6981.89






































51764.38
34073.00
9601.08


















29245.33





14388.33






















5303.13















19707.14






















34351.37














42229.24


























21335.47

















20432.04












12213.41













51853.90



36829.34













































39174.06











10734.83
27727.59
















20093.64




18964.51











35505.01













21134.73













52856.99



































29256.38




36262.30


44661.58












































24219.14










12569.93













33631.18
34294.74








28216.78












18359.76










































41544.72
22599.55




20444.94




































12020.46





































27099.54








7357.61









































25641.98




























7733.67
































22134.34

















17020.34

31689.03












14779.79






34894.71










26048.42


32042.78
















24751.70

















8544.09














22484.97









34334.68




4220.14
18699.42
22300.59







18507.34








19130.52




18521.87







29870.93

38882.03
























16596.62

40603.51
















34399.26




























































44279.38

28157.63































9105.45



























16713.95















17707.12




18437.07




36100.59




31698.40














7913.37






28247.08



















































































20062.01

15224.99






































47119.36












33859.54





26097.95
16361.49












12353.14
40434.12
















7535.75






6761.44



























43283.58






32838.80




























































































21318.50





27158.70







8510.22











39343.75












14118.14
27760.38
























10531.63




























23916.10

25156.86



















12781.42







26886.30







22902.13








8108.00

21160.46












36721.54















6524.94















8441.46





18159.65
35841.34











































22584.57
23561.04









53567.24

9439.37








26739.11





23873.19


21316.33

















3948.67












9104.18











33556.33
28398.64














































11658.09



4180.35










34222.89






















15054.48











14538.98



31668.27






































6473.10
























41727.77

















































































11869.91







32070.95


















24387.38


44102.45





30602.92

20471.98


























17673.94


31070.98

























39685.62
13381.53








35034.19



39506.97






37584.74

37720.86


18169.25




7306.62

















25668.06

14168.29
























43419.19





























15717.25






21027.65




14032.75
24567.69


33952.25











21889.26


28497.62




27264.09








36823.55






















30596.49



27940.91









24348.71


























25081.99







39669.99














14746.68
















37293.20


















36728.91
32995.55

26696.54



27431.60






47158.38













30285.01





20336.86




55412.82



























28611.92
















29926.84
























16136.44















20111.02
24995.72


18938.39





27796.42












20458.99








24835.14


39836.27

25804.40














18946.96






























19465.20












30402.44























50345.49
















42084.61






34001.36
21003.50


31666.85









50895.13


















31125.59





9793.20











10982.87




1485.45










31962.53





31101.75









22145.58







18795.33












22917.44




















10683.61





9861.33
35338.41









31160.87
43741.87















25580.50


















5605.67





















27201.84

22264.15





20206.61











18441.91








26613.93


21195.59

32734.64



















29263.28






14445.63
43290.62
36072.01










33537.87






13712.38










53197.94








18512.62




37552.61

















33410.67
















28694.71







27318.85





32333.50



















26124.19


7986.77













































27390.02

















10430.77






30127.81


32484.82











28722.83


















35415.32
















12525.49


























39739.96
31104.14






8766.99












2814.90



























11744.03


















2892.23
















27288.51






















12638.72





20514.45

28132.86










35724.10






















32918.23
25473.80





25929.12













































21215.72













26100.48





33632.22

















28577.10















6895.40

18964.67







19316.78




11275.51












18682.93
























31685.60



19341.54





























26910.83


26045.03
19494.45





















7424.13







17760.69


28363.61
14699.80




















14673.07




































20596.60
26801.42




















15420.50










14666.78








































24510.15















16743.51












25651.81






































42527.01





7006.83





















29717.06







22951.70



17147.80











24952.72












19391.82




5061.39




17748.06
13952.40



33522.68


















16663.16











25278.29










32368.31



































32674.54















30375.13

28930.81






23176.55





















19143.87







40145.30

15122.45








1340.27





41556.51





21248.64
60909.73



















20387.57




27905.05





37275.32






37261.67













1227.68













11894.37





16486.71























17200.49





































11606.82





21579.18


27782.57



8641.12






37900.35
35921.11
11689.06

50634.55







20290.03


































18279.17













































13162.89








34958.65






